# Bundle file v0.3
58 0
540.686 0 0
0.143213 -0.973315 -0.179301
-0.242509 -0.210157 0.947113
-0.95952 -0.092157 -0.266135
-0.134203 0.225961 0.0236012
540.686 0 0
0.269214 -0.960072 -0.0760686
-0.38472 -0.179615 0.905389
-0.882901 -0.214478 -0.417714
-0.187332 0.246632 -0.0100284
540.686 0 0
0.47008 -0.874214 -0.121553
-0.328484 -0.301107 0.895228
-0.819221 -0.3809 -0.42871
-0.0996043 -0.00714136 -0.00909533
540.686 0 0
0.366785 -0.911544 -0.185894
-0.151254 -0.255593 0.954879
-0.917928 -0.322118 -0.231623
0.0415975 0.0113209 0.0197981
540.686 0 0
0.0456052 -0.951074 -0.305579
-0.137756 -0.308962 0.941045
-0.989416 -0.000821203 -0.145107
0.512473 0.0334975 0.0616662
540.686 0 0
0.0197484 -0.954897 -0.296281
-0.13817 -0.296102 0.94511
-0.990212 0.0222727 -0.137786
0.719193 0.0243795 0.0970906
540.686 0 0
-0.126823 -0.928955 -0.347791
-0.154858 -0.32778 0.931976
-0.979763 0.172055 -0.102286
0.941149 0.0441183 -0.0166621
540.686 0 0
-0.294143 -0.867422 -0.401321
-0.112538 -0.385542 0.915802
-0.949113 0.314541 0.0157869
1.15248 0.138306 -0.201743
540.686 0 0
-0.354956 -0.841363 -0.407571
-0.1084 -0.395978 0.911839
-0.928577 0.367844 0.0493507
1.25601 0.155022 -0.252549
540.686 0 0
-0.366287 -0.868352 -0.334362
-0.0902227 -0.324499 0.941573
-0.926117 0.375053 0.0405147
1.45545 0.040769 -0.253939
540.686 0 0
-0.456508 -0.810279 -0.36749
-0.103036 -0.362115 0.926421
-0.883733 0.460783 0.0818205
1.47841 0.145438 -0.411236
540.686 0 0
-0.454502 -0.812702 -0.364614
-0.132459 -0.343119 0.929906
-0.880842 0.47094 0.0482984
1.61289 0.126195 -0.375286
540.686 0 0
-0.746142 -0.58083 -0.325435
-0.180228 -0.294342 0.938553
-0.640929 0.758946 0.114939
1.57377 0.0617017 -1.01322
540.686 0 0
-0.791173 -0.527331 -0.309785
-0.150193 -0.323486 0.934237
-0.592864 0.785671 0.176732
1.65287 0.0759019 -1.10451
540.686 0 0
-0.824415 -0.473269 -0.310412
-0.152159 -0.342925 0.926957
-0.545149 0.81143 0.2107
1.69942 0.106867 -1.20638
540.686 0 0
-0.861946 -0.423017 -0.279473
-0.134884 -0.340033 0.93069
-0.488728 0.839901 0.236032
1.76665 0.0533306 -1.31257
540.686 0 0
-0.904223 -0.319698 -0.28315
-0.130533 -0.424393 0.89602
-0.406623 0.847162 0.342015
1.77069 0.229532 -1.46181
540.686 0 0
-0.933776 -0.255779 -0.25028
-0.10771 -0.466069 0.878168
-0.341265 0.846969 0.407653
1.8295 0.295056 -1.6096
540.686 0 0
-0.938002 -0.259195 -0.230154
-0.097551 -0.439747 0.892808
-0.332621 0.859907 0.387199
1.93129 0.220863 -1.61245
540.686 0 0
-0.961105 -0.122773 -0.247393
-0.163673 -0.468318 0.868268
-0.222458 0.874989 0.430008
1.83954 0.396706 -1.80575
540.686 0 0
-0.993133 -0.0369364 -0.111006
-0.0860148 -0.412606 0.906839
-0.079297 0.91016 0.406596
1.80413 0.0599881 -2.05614
540.686 0 0
-0.99189 0.0830156 -0.0962478
-0.12318 -0.441157 0.888936
0.0313351 0.893582 0.447805
1.68345 0.191048 -2.23435
540.686 0 0
-0.970122 0.233235 -0.066823
-0.165191 -0.433254 0.886004
0.177695 0.87057 0.458837
1.51928 0.259885 -2.42784
540.686 0 0
-0.923769 0.382905 0.00596136
-0.172866 -0.430834 0.88572
0.341715 0.817169 0.464182
1.29222 0.235477 -2.63985
540.686 0 0
-0.822712 0.564586 0.0662355
-0.213466 -0.414829 0.884505
0.526855 0.713554 0.461805
0.984212 0.25153 -2.90641
540.686 0 0
-0.877015 0.480218 0.0153821
-0.210748 -0.413264 0.885889
0.431776 0.773695 0.463643
1.26684 0.249634 -2.74956
540.686 0 0
-0.785694 0.610618 0.0991548
-0.246196 -0.455691 0.855414
0.567515 0.647682 0.508366
0.991629 0.40637 -2.93646
540.686 0 0
-0.727032 0.678076 0.107882
-0.25711 -0.414559 0.872947
0.636647 0.606922 0.475737
0.839076 0.332011 -2.96916
540.686 0 0
-0.663342 0.732092 0.154982
-0.201767 -0.374415 0.905044
0.720603 0.569083 0.396077
0.757642 0.0573247 -3.01107
540.686 0 0
-0.452173 0.860679 0.234033
-0.184063 -0.346785 0.919707
0.872732 0.37279 0.315226
0.198218 0.0326941 -3.12217
540.686 0 0
-0.573579 0.794483 0.199508
-0.224701 -0.386813 0.894363
0.787729 0.468158 0.400389
0.564561 0.134228 -3.05817
540.686 0 0
-0.186949 0.932327 0.309543
-0.254273 -0.350284 0.901469
0.948892 0.0898205 0.302551
-0.43993 0.179361 -3.06873
540.686 0 0
0.0816783 0.891883 0.444829
-0.33075 -0.396771 0.856258
0.940177 -0.217065 0.262583
-1.14448 0.454228 -2.74441
540.686 0 0
0.0970742 0.857475 0.505286
-0.321161 -0.453539 0.831359
0.942036 -0.242982 0.23136
-1.01631 0.381765 -2.69119
540.686 0 0
0.210641 0.820574 0.531308
-0.408085 -0.420069 0.810561
0.888311 -0.387556 0.24638
-1.17929 0.586654 -2.55162
540.686 0 0
0.285413 0.816691 0.501552
-0.42311 -0.36219 0.830539
0.859952 -0.449259 0.242177
-1.22313 0.588414 -2.44968
540.686 0 0
0.309645 0.799719 0.514363
-0.419807 -0.370391 0.828597
0.85316 -0.472504 0.221038
-1.19267 0.557324 -2.42035
540.686 0 0
0.344051 0.808759 0.47701
-0.514822 -0.262368 0.816163
0.785231 -0.526377 0.326098
-1.03293 0.787274 -2.25879
540.686 0 0
0.573081 0.729145 0.374067
-0.430223 -0.12081 0.894602
0.697486 -0.673612 0.244461
-1.34075 0.522746 -1.97261
540.686 0 0
0.601195 0.684261 0.412737
-0.447133 -0.140026 0.883439
0.662297 -0.715668 0.221772
-1.32511 0.55948 -1.92242
540.686 0 0
0.687197 0.600809 0.408398
-0.426422 -0.121536 0.896322
0.588154 -0.790099 0.172679
-1.39038 0.527881 -1.7519
540.686 0 0
0.783638 0.474972 0.400391
-0.416449 -0.0765935 0.905927
0.460957 -0.876661 0.13778
-1.45447 0.499031 -1.44021
540.686 0 0
0.860295 0.326097 0.391858
-0.385873 -0.085795 0.918554
0.333157 -0.941435 0.0520234
-1.42517 0.42875 -1.15425
540.686 0 0
0.915624 0.232241 0.328172
-0.306343 -0.125592 0.9436
0.260359 -0.964516 -0.0438493
-1.42413 0.232197 -0.951247
540.686 0 0
0.934283 0.064024 0.350735
-0.337758 -0.156068 0.928204
0.114166 -0.985669 -0.124187
-1.40619 0.258278 -0.737296
540.686 0 0
0.944539 -0.0528727 0.324115
-0.32805 -0.106399 0.938649
-0.0151435 -0.992917 -0.117843
-1.31576 0.255144 -0.502093
540.686 0 0
0.946842 -0.216211 0.238208
-0.265717 -0.10822 0.957958
-0.181342 -0.970331 -0.159918
-1.3006 0.128188 -0.214181
540.686 0 0
0.940959 -0.225211 0.252738
-0.283113 -0.11423 0.95226
-0.185589 -0.967591 -0.171246
-1.19511 0.139225 -0.221339
540.686 0 0
0.883819 -0.405855 0.232691
-0.292463 -0.091116 0.951926
-0.365142 -0.909384 -0.199228
-1.03307 0.16059 -0.0395536
540.686 0 0
0.892146 -0.374072 0.25327
-0.263619 0.0241885 0.964324
-0.366853 -0.927084 -0.0770327
-0.676792 0.0970223 0.00693159
540.686 0 0
0.678911 -0.694394 0.238529
-0.172458 0.164969 0.971104
-0.713679 -0.70043 -0.00775445
-0.233708 0.00811449 0.320271
540.686 0 0
0.384928 -0.920904 0.0613745
0.0263733 0.0774463 0.996648
-0.92257 -0.382019 0.0540986
-0.00389865 -0.0676793 0.309129
540.686 0 0
0.0502462 -0.989683 -0.134177
-0.0853261 -0.138109 0.986735
-0.995085 -0.0381309 -0.0913852
0.112439 0.0465065 0.202404
540.686 0 0
0.0471768 -0.992949 -0.108755
-0.206559 -0.11622 0.971507
-0.977296 -0.0233684 -0.210586
0.398548 -0.0640387 -0.0296749
540.686 0 0
0.118346 -0.986856 -0.11004
-0.211121 -0.133292 0.968329
-0.970269 -0.091366 -0.224121
0.260781 -0.0368084 0.0265422
540.686 0 0
0.135376 -0.980885 -0.139779
-0.221882 -0.167508 0.960578
-0.96563 -0.0990246 -0.240318
0.118342 0.0126305 0.118534
540.686 0 0
0.0752501 -0.988588 -0.130504
-0.161259 -0.141217 0.976757
-0.984039 -0.0524563 -0.170045
-0.0212165 0.22816 0.277361
540.686 0 0
-0.161248 -0.986194 -0.0376845
-0.242996 0.00266421 0.970024
-0.956532 0.165571 -0.240071
-0.107588 0.344217 0.206657
