# Bundle file v0.3
91 0
540.686 0 0
-0.0235734 -0.999593 -0.0160566
0.0891538 -0.0180991 0.995853
-0.995739 0.0220442 0.0895443
-0.0205251 -0.0207685 -0.0130431
540.686 0 0
0.00841057 -0.999892 0.012056
0.066436 0.0125885 0.997711
-0.997755 -0.00759038 0.0665346
-0.145923 -0.0169688 -0.0107663
540.686 0 0
0.0366003 -0.999012 0.0252239
0.0870333 0.0283315 0.995802
-0.995533 -0.0342513 0.0879843
-0.250164 -0.0036875 0.022504
540.686 0 0
0.0486747 -0.998753 0.0110793
0.137908 0.0177063 0.990287
-0.989248 -0.046674 0.138597
-0.366299 -0.00514923 0.0151286
540.686 0 0
0.0868187 -0.995874 0.0264213
0.0596146 0.0316674 0.997719
-0.994439 -0.0850457 0.0621178
-0.475623 -0.0109414 0.04853
540.686 0 0
0.10969 -0.993966 -0.00082925
0.136038 0.0141861 0.990602
-0.984612 -0.108772 0.136773
-0.611737 0.00871693 0.057154
540.686 0 0
0.23424 -0.972173 -0.00323296
0.0866503 0.0175654 0.996084
-0.96831 -0.233603 0.0883535
-0.823316 0.0197782 -0.0108359
540.686 0 0
0.131344 -0.990356 -0.0440907
0.0490223 -0.0379331 0.998077
-0.990124 -0.133253 0.0435671
-0.793878 0.0568447 0.135509
540.686 0 0
0.266398 -0.962753 -0.0462457
0.0631654 -0.0304385 0.997539
-0.961791 -0.268663 0.0527039
-0.985689 0.0392684 0.0611243
540.686 0 0
0.330621 -0.942574 -0.0473744
0.0376521 -0.0369836 0.998606
-0.943012 -0.331944 0.0232623
-1.13273 0.0573822 -0.010005
540.686 0 0
0.354679 -0.932957 -0.0615955
0.0407946 -0.0503743 0.997897
-0.934098 -0.356446 0.0201929
-1.23435 0.0557047 -0.0311137
540.686 0 0
0.382715 -0.922009 -0.0585632
0.0269856 -0.0522058 0.998272
-0.923472 -0.383634 0.00490099
-1.34621 0.0590611 -0.0602029
540.686 0 0
0.451434 -0.889639 -0.0689177
0.0264035 -0.0638838 0.997608
-0.891914 -0.452174 -0.00534976
-1.45504 0.0640589 -0.148618
540.686 0 0
0.49352 -0.86587 -0.0818974
0.0548775 -0.0629748 0.996505
-0.868001 -0.49629 0.0164374
-1.56857 0.0515752 -0.152006
540.686 0 0
0.539705 -0.83898 -0.0695074
0.0474396 -0.0521243 0.997513
-0.840516 -0.541661 0.0116692
-1.67082 0.0660922 -0.237928
540.686 0 0
0.671788 -0.740387 -0.0229853
-0.000491828 -0.031476 0.999505
-0.740744 -0.671444 -0.0215094
-1.68942 0.119804 -0.427839
540.686 0 0
0.761736 -0.647281 0.028051
-0.0451048 -0.00979006 0.998934
-0.646316 -0.762189 -0.0366529
-1.80601 0.174185 -0.523077
540.686 0 0
0.786014 -0.616306 0.0484734
-0.0383065 0.0297043 0.998824
-0.617021 -0.786947 -0.000260592
-1.90265 0.228285 -0.573785
540.686 0 0
0.822707 -0.564646 0.0657899
-0.0805046 -0.00116062 0.996754
-0.562736 -0.825333 -0.0464114
-1.97042 0.271412 -0.642501
540.686 0 0
0.862035 -0.494803 0.109844
-0.128749 -0.00415778 0.991668
-0.490224 -0.868995 -0.0672894
-2.00066 0.367496 -0.787364
540.686 0 0
0.905935 -0.411784 0.0985751
-0.0798981 0.0623747 0.99485
-0.415811 -0.909145 0.0236067
-2.21095 0.418124 -0.997278
540.686 0 0
0.955858 -0.264579 0.127802
-0.119627 0.046854 0.991713
-0.268375 -0.963225 0.013135
-2.15217 0.448859 -1.40731
540.686 0 0
0.956058 -0.263004 0.129544
-0.135876 -0.00595009 0.990708
-0.25979 -0.964776 -0.0414246
-2.36112 0.36303 -1.3978
540.686 0 0
0.963361 -0.232761 0.133261
-0.131204 0.0243709 0.991056
-0.233927 -0.972229 -0.00706112
-2.46308 0.413653 -1.48831
540.686 0 0
0.969603 -0.213146 0.120164
-0.122533 0.00210947 0.992462
-0.211793 -0.977018 -0.0240721
-2.65841 0.352334 -1.5685
540.686 0 0
0.967148 -0.247619 0.0575278
-0.0532742 0.0238498 0.998295
-0.248569 -0.968564 0.00987458
-2.86322 0.238892 -1.45744
540.686 0 0
0.982294 -0.1739 0.0696916
-0.0637669 0.0394341 0.997185
-0.176158 -0.983974 0.0276468
-2.91055 0.253388 -1.62307
540.686 0 0
0.993342 -0.0862846 0.0763265
-0.0738134 0.0319541 0.99676
-0.0884439 -0.995758 0.0253723
-2.89979 0.26955 -1.88707
540.686 0 0
0.996155 -0.0518538 0.0706198
-0.0698073 0.0173186 0.99741
-0.0529426 -0.998505 0.0136322
-2.95664 0.241987 -2.00512
540.686 0 0
0.992688 -0.0997914 0.0679105
-0.0676023 0.00647098 0.997692
-0.1 -0.994987 -0.000322461
-3.18356 0.20815 -1.83372
540.686 0 0
0.993989 -0.0873376 0.066022
-0.0676777 -0.0161309 0.997577
-0.0860609 -0.996048 -0.0219448
-3.30285 0.156231 -1.83856
540.686 0 0
0.994947 0.0769968 0.0644362
-0.0613225 -0.0421439 0.997228
0.079499 -0.99614 -0.0372094
-3.05918 0.0848039 -2.38833
540.686 0 0
0.991681 0.119934 0.0467485
-0.0404429 -0.0544829 0.997695
0.122204 -0.991286 -0.0491792
-3.09944 0.0096262 -2.51287
540.686 0 0
0.988166 0.147632 0.0416231
-0.029971 -0.0802915 0.996321
0.150431 -0.985778 -0.0749166
-3.15394 -0.080845 -2.5844
540.686 0 0
0.929499 0.353838 0.104065
-0.0812122 -0.0788748 0.993571
0.359771 -0.931975 -0.0445781
-2.73697 0.0941785 -3.14062
540.686 0 0
0.913446 0.397384 0.0877618
-0.0731589 -0.0517933 0.995975
0.40033 -0.91619 -0.0182382
-2.71909 0.127963 -3.26706
540.686 0 0
0.903105 0.421541 0.0818751
-0.0549241 -0.0757079 0.995616
0.425892 -0.903643 -0.0452194
-2.74359 0.0252264 -3.33342
540.686 0 0
0.877295 0.470992 0.0923056
-0.049001 -0.103422 0.99343
0.477444 -0.876054 -0.0676523
-2.70887 -0.0210677 -3.42282
540.686 0 0
0.768757 0.629615 0.112243
-0.0484268 -0.117695 0.991868
0.637705 -0.767941 -0.0599884
-2.20785 -0.0416431 -3.84572
540.686 0 0
0.773367 0.621041 0.127327
-0.0624607 -0.125224 0.99016
0.630875 -0.77371 -0.0580537
-2.45354 0.0428582 -3.74906
540.686 0 0
0.773568 0.622464 0.118876
-0.0704348 -0.101972 0.992291
0.629787 -0.775977 -0.0350392
-2.62834 0.104656 -3.65705
540.686 0 0
0.649015 0.745388 0.152236
-0.0745527 -0.136829 0.987785
0.757114 -0.652437 -0.0332336
-2.00757 0.0635513 -3.98753
540.686 0 0
0.518828 0.83966 0.160588
-0.0894569 -0.133492 0.987004
0.850185 -0.526451 0.00585383
-1.52982 0.163127 -4.19016
540.686 0 0
0.483101 0.857895 0.175015
-0.125302 -0.130089 0.983553
0.866552 -0.497085 0.0446499
-1.46771 0.310201 -4.19833
540.686 0 0
0.448427 0.871793 0.197209
-0.16247 -0.137459 0.977092
0.87893 -0.470195 0.0799997
-1.40327 0.483405 -4.10363
540.686 0 0
0.368427 0.911495 0.18286
-0.135766 -0.141834 0.980536
0.919689 -0.386083 0.0714948
-1.26439 0.378071 -4.13424
540.686 0 0
0.324659 0.927835 0.183627
-0.104932 -0.157612 0.98191
0.939992 -0.338054 0.0461894
-1.24553 0.271356 -4.23081
540.686 0 0
0.235302 0.954148 0.185025
-0.13082 -0.157546 0.978808
0.963078 -0.254521 0.0877505
-0.987515 0.394835 -4.27814
540.686 0 0
0.182782 0.973263 0.139101
-0.0892158 -0.124482 0.988203
0.979097 -0.193035 0.0640776
-0.929054 0.23072 -4.27555
540.686 0 0
0.195706 0.967897 0.157715
-0.126383 -0.134591 0.982809
0.972485 -0.212274 0.0959852
-1.12776 0.397689 -4.22519
540.686 0 0
0.120591 0.982178 0.144166
-0.123047 -0.129317 0.983939
0.985047 -0.136394 0.105259
-0.936365 0.395706 -4.30237
540.686 0 0
0.00578642 0.985936 0.167027
-0.137914 -0.164647 0.976663
0.990427 -0.0286868 0.135021
-0.653378 0.449717 -4.33581
540.686 0 0
-0.0414721 0.987798 0.150116
-0.160071 -0.154874 0.97488
0.986234 0.0164011 0.164541
-0.660223 0.544979 -4.35975
540.686 0 0
-0.00403297 0.984336 0.176256
-0.169244 -0.174387 0.970024
0.985566 -0.0259184 0.167297
-0.952075 0.599405 -4.33473
540.686 0 0
-0.0955491 0.981907 0.163491
-0.194144 -0.179471 0.964416
0.976309 0.0604081 0.20778
-0.663301 0.721042 -4.35955
540.686 0 0
-0.341823 0.929274 0.140027
-0.0889975 -0.180342 0.979569
0.935541 0.322377 0.144348
0.245321 0.256336 -4.37007
540.686 0 0
-0.387492 0.91143 0.138365
-0.0835197 -0.184183 0.979337
0.918082 0.367929 0.147492
0.282325 0.290871 -4.28497
540.686 0 0
-0.53474 0.844383 0.0327213
0.196568 0.0866373 0.976655
0.821836 0.528689 -0.212307
0.846818 -1.1409 -4.0017
540.686 0 0
-0.616421 0.767922 0.17413
-0.0415326 -0.252542 0.966694
0.786321 0.588658 0.187566
1.13027 0.304331 -4.05899
540.686 0 0
-0.561688 0.811389 0.161724
-0.0330528 -0.217324 0.97554
0.826689 0.542603 0.148887
0.676002 0.215422 -4.08833
540.686 0 0
-0.653433 0.733984 0.185185
-0.00618383 -0.249802 0.968277
0.756959 0.631559 0.167768
0.939476 0.172383 -3.91957
540.686 0 0
-0.679774 0.708048 0.191249
0.000783384 -0.260061 0.965592
0.733421 0.656534 0.176228
0.976458 0.176096 -3.85018
540.686 0 0
-0.74398 0.646778 0.167847
0.0139303 -0.236125 0.971623
0.668057 0.725206 0.166662
1.17725 0.0884712 -3.69057
540.686 0 0
-0.762761 0.616771 0.194398
0.0224523 -0.275169 0.961134
0.646291 0.73748 0.19604
1.14799 0.135785 -3.55736
540.686 0 0
-0.788304 0.58926 0.17706
0.0243051 -0.257722 0.965913
0.614807 0.765736 0.188841
1.09834 0.11775 -3.43972
540.686 0 0
-0.835605 0.522964 0.168143
0.0544035 -0.2258 0.972653
0.54663 0.821902 0.160229
1.27403 -0.0356135 -3.31058
540.686 0 0
-0.887531 0.426306 0.174793
0.0769499 -0.236893 0.968484
0.454278 0.873009 0.177446
1.43652 -0.070563 -3.03162
540.686 0 0
-0.934941 0.319785 0.153699
0.0831686 -0.223598 0.971127
0.344918 0.920729 0.182454
1.56431 -0.0823884 -2.74558
540.686 0 0
-0.950388 0.265634 0.161867
0.0892011 -0.265779 0.959898
0.298002 0.926715 0.228899
1.52467 -0.000144601 -2.54395
540.686 0 0
-0.978101 0.158568 0.134815
0.100085 -0.209594 0.972653
0.182488 0.964845 0.189134
1.68279 -0.128646 -2.31242
540.686 0 0
-0.985261 0.118578 0.123285
0.0961485 -0.212197 0.972486
0.141476 0.970006 0.197668
1.64055 -0.113155 -2.16061
540.686 0 0
-0.99159 -0.102463 0.079058
0.0995431 -0.213464 0.971867
-0.0827048 0.971563 0.221868
1.83578 -0.113879 -1.62852
540.686 0 0
-0.986253 -0.0984686 0.132701
0.153585 -0.249923 0.956008
-0.0609717 0.963246 0.26161
1.67034 -0.13743 -1.55696
540.686 0 0
-0.983124 -0.168987 0.0700815
0.116783 -0.284842 0.951434
-0.140818 0.943562 0.299769
1.68507 -0.00778306 -1.33241
540.686 0 0
-0.960395 -0.260875 0.0979012
0.18488 -0.333731 0.924361
-0.20847 0.905852 0.368745
1.68406 -0.0447942 -1.06408
540.686 0 0
-0.935604 -0.343476 0.081663
0.196966 -0.315852 0.928139
-0.293 0.884456 0.363165
1.60566 -0.0864775 -0.841286
540.686 0 0
-0.906048 -0.417781 0.0673567
0.196959 -0.275447 0.940923
-0.374546 0.865788 0.331853
1.53993 -0.164175 -0.600708
540.686 0 0
-0.844694 -0.534994 0.0165436
0.17807 -0.251737 0.951273
-0.50476 0.80648 0.307907
1.46973 -0.14565 -0.310713
540.686 0 0
-0.803445 -0.594205 0.0373911
0.22899 -0.250433 0.940663
-0.549583 0.764333 0.337275
1.37109 -0.190554 -0.15956
540.686 0 0
-0.797287 -0.60347 0.0125425
0.231226 -0.286163 0.929863
-0.557555 0.744268 0.367692
1.26284 -0.172713 -0.0521021
540.686 0 0
-0.830332 -0.557267 0.00125569
0.171468 -0.253343 0.952059
-0.530233 0.790741 0.305912
1.14139 -0.151727 0.0128361
540.686 0 0
-0.507753 -0.86052 0.0411329
0.225237 -0.0865142 0.970455
-0.831538 0.502016 0.237749
0.276263 -0.28765 0.894131
540.686 0 0
-0.452417 -0.891455 0.0250512
0.298317 -0.124805 0.946272
-0.840432 0.435582 0.3224
0.119796 -0.372097 0.94622
540.686 0 0
-0.541128 -0.835288 0.0973381
0.359351 -0.125032 0.924789
-0.760294 0.535408 0.36782
0.315064 -0.40439 0.802942
540.686 0 0
-0.600116 -0.796996 -0.0682518
0.394647 -0.369212 0.841389
-0.695783 0.477996 0.536102
0.402766 -0.401227 0.752971
540.686 0 0
-0.67882 -0.73306 -0.0427402
0.381208 -0.401553 0.832728
-0.627602 0.548979 0.55203
0.640195 -0.404248 0.610251
540.686 0 0
-0.572207 -0.819345 -0.035398
0.39837 -0.31542 0.861285
-0.716855 0.478732 0.506888
0.620151 -0.42907 0.667265
540.686 0 0
-0.737605 -0.673618 0.0466557
0.338577 -0.309187 0.888689
-0.584212 0.671299 0.45613
0.832522 -0.377516 0.439137
540.686 0 0
-0.795811 -0.591497 0.129679
0.360588 -0.29085 0.886218
-0.486478 0.752023 0.444748
0.958667 -0.380155 0.253813
540.686 0 0
-0.566231 -0.822608 0.0519497
0.337617 -0.173974 0.925066
-0.751929 0.54134 0.376236
0.876346 -0.377166 0.590813
540.686 0 0
-0.688055 -0.724545 0.0401888
0.294452 -0.228147 0.928034
-0.663234 0.650372 0.370321
1.0028 -0.309571 0.405688
